Cross-rev diff: 20.9 -> 20.10
  before rom: /sessions/optimistic-modest-bardeen/mnt/ae6l600l/rom/AE5L600L 20g rev 20.9 tiny wrex.bin
  after rom:  /sessions/optimistic-modest-bardeen/mnt/ae6l600l/rom/AE5L600L 20g rev 20.10 tiny wrex.bin
  table addr: 0xda96c

=== 34 cells changed ===

Logs mapped to 20.9: 1
  logs/4-25/4-25 full.csv
Logs mapped to 20.10: 2
  logs/4-27 20.10/4-27.csv
  logs/5-2/5-2.csv

Samples loaded: before=131516, after=123469

=== Strategy A: match on (RPM, load) cell ===
  Same fill — see how throttle / MAF / MRP shifted
    RPM  Load    AVCS Δ    n_a   n_b   AVCS_a  AVCS_b AVCSact Δ   MAF_a  MAF_b   ΔMAF   Thr_a  Thr_b   ΔThr   MRP_a  MRP_b   ΔMRP
   1350  0.20     +0.50    707   985     0.77    0.59     -0.18    6.44   6.57  +0.12    6.52   6.46  -0.06  -10.15 -10.10  +0.05
   1350  0.30     +1.00   3393  8134     3.27    1.54     -1.74    9.28   9.10  -0.17    9.11   8.87  -0.24   -8.89  -8.99  -0.10
   1600  0.30     +4.50    460  1442     9.25    6.38     -2.88   11.26  11.81  +0.56   10.81  10.76  -0.05   -8.61  -8.55  +0.06
   1900  0.20     +4.50   1184  1792     3.99    3.75     -0.24    8.10   8.33  +0.22    7.60   7.78  +0.18  -10.43 -10.38  +0.05
   1900  0.30     +0.25   1207  2081    17.17   13.02     -4.15   14.17  13.82  -0.35   11.92  11.61  -0.31   -8.30  -8.64  -0.34
   1900  0.50     -2.00    689  1261    19.04   17.44     -1.60   18.90  19.22  +0.32   14.49  14.51  +0.02   -6.93  -7.14  -0.21
   1900  0.60     -2.00   1085   584    19.61   15.51     -4.10   22.49  22.07  -0.42   16.35  16.14  -0.21   -5.64  -6.07  -0.43
   1900  0.70     -2.00    722   647    19.67   17.40     -2.27   25.34  25.89  +0.55   17.82  17.97  +0.15   -4.75  -4.80  -0.05
   1900  0.80     -2.00    719   674    19.49   14.53     -4.95   29.31  28.98  -0.33   19.88  19.59  -0.29   -3.81  -3.83  -0.02
   1900  0.90     -2.00    142   449    18.76   17.41     -1.36   32.17  31.61  -0.56   21.44  20.96  -0.49   -3.05  -3.09  -0.03
   1900  1.00     -2.00     78   380    17.00   18.10     +1.10   36.62  36.33  -0.28   25.17  23.67  -1.51   -1.94  -2.12  -0.18
   2200  0.20    +11.50   1198  1082     4.71    6.48     +1.77    8.79   9.27  +0.48    8.18   8.62  +0.44  -10.62 -10.41  +0.22
   2200  0.30     -2.00   2499  3301    19.52   18.24     -1.28   16.76  16.12  -0.64   13.06  12.85  -0.21   -8.45  -8.71  -0.26
   2500  0.20    +18.00   1950  1154     8.16   13.40     +5.24   10.93  10.87  -0.06    9.74   9.77  +0.03  -10.40 -10.36  +0.04
   2800  0.20    +15.00    812   681     7.13   12.77     +5.64   11.71  12.21  +0.51   10.29  10.48  +0.19  -10.34 -10.26  +0.07
   2800  0.30     +2.50   3073  4180    16.42   16.88     +0.46   19.27  19.13  -0.14   14.18  14.17  -0.01   -8.71  -8.87  -0.16
   3000  0.20    +12.50    400   288     7.71    6.22     -1.49   13.35  12.98  -0.37   10.87  11.05  +0.18  -10.19 -10.53  -0.34
   3000  0.30     +3.00   2648  2182    13.85   15.39     +1.54   21.08  21.12  +0.04   14.91  15.06  +0.15   -8.79  -8.86  -0.07
   3400  0.20     +9.00    218   172     7.42    7.00     -0.42   15.59  14.32  -1.27   12.19  11.68  -0.52  -10.20 -10.53  -0.33
   3400  0.30     +3.25   1112   105    12.12   10.82     -1.30   23.72  23.44  -0.28   15.89  15.58  -0.31   -8.90  -9.07  -0.17

=== Strategy B: match on (RPM±100, Throttle±1.0%, IAT±5.0°C) ===
  Same pedal — see how MAF g/s and load actually moved
    RPM  Load    AVCS Δ    n_a   n_b   MAF_a  MAF_b   ΔMAF (   %)  Load_a Load_b  ΔLoad
   1350  0.20     +0.50    318   349    6.54   6.62  +0.08 (+1.2)    0.27   0.27  +0.00
   1350  0.30     +1.00   1926   620    9.86   9.36  -0.50 (-5.1)    0.39   0.38  -0.01
   1600  0.30     +4.50      5    51   12.37  11.46  -0.91 (-7.4)    0.43   0.40  -0.02
   1900  0.20     +4.50    416   624    8.28   8.05  -0.23 (-2.8)    0.24   0.24  -0.01
   1900  0.30     +0.25    616   284   14.52  14.31  -0.21 (-1.5)    0.43   0.41  -0.02
   1900  0.50     -2.00    276   129   18.87  18.63  -0.24 (-1.3)    0.55   0.54  -0.01
   1900  0.60     -2.00    188    55   22.45  22.64  +0.19 (+0.8)    0.67   0.66  -0.01
   1900  0.70     -2.00    402    69   25.31  25.69  +0.38 (+1.5)    0.74   0.74  -0.00
   1900  0.80     -2.00    221   112   29.41  29.81  +0.40 (+1.4)    0.85   0.85  +0.00
   1900  0.90     -2.00      9     8   31.91  32.48  +0.58 (+1.8)    0.92   0.94  +0.01
   2200  0.20    +11.50    624   233    9.18   9.20  +0.02 (+0.3)    0.23   0.24  +0.01
   2200  0.30     -2.00   1517   619   16.11  15.81  -0.30 (-1.9)    0.41   0.40  -0.00
   2500  0.20    +18.00   1342   250   10.87  10.61  -0.27 (-2.5)    0.25   0.24  -0.01
   2800  0.20    +15.00    459   149   12.32  12.38  +0.06 (+0.5)    0.26   0.26  +0.00
   2800  0.30     +2.50   2405   833   18.97  18.60  -0.37 (-1.9)    0.39   0.39  -0.01
   3000  0.30     +3.00    367   123   21.40  19.73  -1.67 (-7.8)    0.40   0.37  -0.03
